{
 "cells": [
  {
   "cell_type": "markdown",
   "id": "96ced5ff",
   "metadata": {},
   "source": [
    "# Homework 9 computational problems"
   ]
  },
  {
   "cell_type": "markdown",
   "id": "critical-china",
   "metadata": {},
   "source": [
    "## Problem 1: the functional calculus\n",
    "\n",
    "One important application of the eigendecomposition $A = U\\Lambda U^\\top$ of symmetric matrices $A$ is that it allows us to easily compute matrix powers. For example, we have\n",
    "\n",
    "$$\n",
    "A^2 = AA = U\\Lambda \\underbrace{U^\\top U}_I\\Lambda U^\\top = U\\Lambda^2 U^\\top\n",
    "$$\n",
    "\n",
    "or more generally,\n",
    "\n",
    "$$\n",
    "A^k = U\\Lambda^k U^\\top.\n",
    "$$\n",
    "\n",
    "Since $\\Lambda$ is diagonal, computing the $k$th power $\\Lambda^k$ is easy: we just take the $k$th power of each of the diagonal elements. This immediately allows us to compute other functions of a matrix.\n",
    "\n",
    "Let $f(x)$ be a function taking the following form, for scalars $a_0,a_1,a_2,\\dots$:\n",
    "\n",
    "$$\n",
    "f(x) = a_0 + a_1 x + a_2 x^2 + a_3 x^3 + \\cdots = \\sum_{k=0}^\\infty a_k x^k\n",
    "$$\n",
    "\n",
    "Then for a matrix $A$, we define $f(A)$ as follows:\n",
    "\n",
    "$$\n",
    "f(A) = \\sum_{k=0}^\\infty a_k A^k.\n",
    "$$\n",
    "\n",
    "Since $A^k = U \\Lambda^k U^\\top$, we have\n",
    "\n",
    "$$\n",
    "f(A) = \\sum_{k=0}^\\infty a_k A^k =  \\sum_{k=0}^\\infty a_k U \\Lambda^k U^\\top = U \\left( \\sum_{k=0}^\\infty a_k \\Lambda^k\\right) U^\\top = U f(\\Lambda) U^\\top.\n",
    "$$\n",
    "\n",
    "This allows us to compute $f(A)$ for any function $f(x)$ of the form $\\sum_{k=0}^\\infty a_k x^k$ and symmetric matrix $A$. This method is called the _functional calculus_. In this problem, we will look at a few examples of how it can be used. For this problem, we will use the matrix $A$ defined below:"
   ]
  },
  {
   "cell_type": "code",
   "execution_count": 1,
   "id": "voluntary-christianity",
   "metadata": {},
   "outputs": [],
   "source": [
    "import numpy as np\n",
    "\n",
    "n = 10\n",
    "A = np.random.normal(size=(n,n))\n",
    "A = np.dot(A.T, A)"
   ]
  },
  {
   "cell_type": "markdown",
   "id": "bd2e4a44",
   "metadata": {},
   "source": [
    "### Part A: powers of matrices\n",
    "One simple example of the function calculus is using it to compute powers of matrices. Recall that for an $n\\times n$ matrix $A$, by $A^k$ we mean the $k$-fold matrix product $A\\cdots A$. Use the functional calculus approach to compute $A^k$ for by computing $A^k = U\\Lambda^k U^\\top$, for $k=5$."
   ]
  },
  {
   "cell_type": "code",
   "execution_count": 7,
   "id": "552cc263",
   "metadata": {},
   "outputs": [
    {
     "name": "stdout",
     "output_type": "stream",
     "text": [
      "[[3.45253782e+01 0.00000000e+00 0.00000000e+00 0.00000000e+00\n",
      "  0.00000000e+00 0.00000000e+00 0.00000000e+00 0.00000000e+00\n",
      "  0.00000000e+00 0.00000000e+00]\n",
      " [0.00000000e+00 1.86234976e+01 0.00000000e+00 0.00000000e+00\n",
      "  0.00000000e+00 0.00000000e+00 0.00000000e+00 0.00000000e+00\n",
      "  0.00000000e+00 0.00000000e+00]\n",
      " [0.00000000e+00 0.00000000e+00 1.26157822e+01 0.00000000e+00\n",
      "  0.00000000e+00 0.00000000e+00 0.00000000e+00 0.00000000e+00\n",
      "  0.00000000e+00 0.00000000e+00]\n",
      " [0.00000000e+00 0.00000000e+00 0.00000000e+00 9.46893571e+00\n",
      "  0.00000000e+00 0.00000000e+00 0.00000000e+00 0.00000000e+00\n",
      "  0.00000000e+00 0.00000000e+00]\n",
      " [0.00000000e+00 0.00000000e+00 0.00000000e+00 0.00000000e+00\n",
      "  6.57892103e+00 0.00000000e+00 0.00000000e+00 0.00000000e+00\n",
      "  0.00000000e+00 0.00000000e+00]\n",
      " [0.00000000e+00 0.00000000e+00 0.00000000e+00 0.00000000e+00\n",
      "  0.00000000e+00 4.13123428e+00 0.00000000e+00 0.00000000e+00\n",
      "  0.00000000e+00 0.00000000e+00]\n",
      " [0.00000000e+00 0.00000000e+00 0.00000000e+00 0.00000000e+00\n",
      "  0.00000000e+00 0.00000000e+00 2.30958992e+00 0.00000000e+00\n",
      "  0.00000000e+00 0.00000000e+00]\n",
      " [0.00000000e+00 0.00000000e+00 0.00000000e+00 0.00000000e+00\n",
      "  0.00000000e+00 0.00000000e+00 0.00000000e+00 4.51363444e-06\n",
      "  0.00000000e+00 0.00000000e+00]\n",
      " [0.00000000e+00 0.00000000e+00 0.00000000e+00 0.00000000e+00\n",
      "  0.00000000e+00 0.00000000e+00 0.00000000e+00 0.00000000e+00\n",
      "  7.09002283e-01 0.00000000e+00]\n",
      " [0.00000000e+00 0.00000000e+00 0.00000000e+00 0.00000000e+00\n",
      "  0.00000000e+00 0.00000000e+00 0.00000000e+00 0.00000000e+00\n",
      "  0.00000000e+00 1.01004347e+00]]\n"
     ]
    }
   ],
   "source": [
    "Lambda, V = np.linalg.eig(A)\n",
    "Lambda = np.diag(Lambda)\n",
    "print(Lambda)"
   ]
  },
  {
   "cell_type": "code",
   "execution_count": 6,
   "id": "41b1b68a",
   "metadata": {},
   "outputs": [
    {
     "data": {
      "text/plain": [
       "array([[   855962.41868747,  -3032041.04697571,     77615.28427082,\n",
       "         -1791101.29070877,  -1607990.07484917,    937455.34082224,\n",
       "           407939.54354546,  -1012178.73544088,  -3610186.04256653,\n",
       "          1845078.32566878],\n",
       "       [ -3032041.04697571,  13792166.85889721,   -207491.27999187,\n",
       "          7308546.63649698,   7257029.64111896,  -4043282.07806358,\n",
       "         -1095131.7697954 ,   4277977.94813323,  16045928.0161974 ,\n",
       "         -8715818.78977868],\n",
       "       [    77615.28427082,   -207491.27999187,     28643.87904276,\n",
       "           -79549.4149334 ,   -149586.7475238 ,     95236.35170476,\n",
       "            40049.35836037,    -54493.28360577,   -272585.07123897,\n",
       "           120715.59962386],\n",
       "       [ -1791101.29070877,   7308546.63649698,    -79549.4149334 ,\n",
       "          4807739.85215539,   3308609.90220186,  -1874995.57070855,\n",
       "         -1146724.84880142,   2799619.00316913,   8349173.41724532,\n",
       "         -4261995.52227881],\n",
       "       [ -1607990.07484917,   7257029.64111896,   -149586.7475238 ,\n",
       "          3308609.90220186,   4221537.26819774,  -2359669.51337812,\n",
       "          -280882.27571912,   1912284.19132758,   8619934.42414119,\n",
       "         -4800566.61395156],\n",
       "       [   937455.34082224,  -4043282.07806358,     95236.35170476,\n",
       "         -1874995.57070855,  -2359669.51337812,   1331354.24174032,\n",
       "           187563.2153611 ,  -1078909.86226109,  -4826833.33383398,\n",
       "          2661391.29381333],\n",
       "       [   407939.54354546,  -1095131.7697954 ,     40049.35836037,\n",
       "         -1146724.84880142,   -280882.27571912,    187563.2153611 ,\n",
       "           539481.78681847,   -684649.17229499,  -1202210.37079102,\n",
       "           413788.85558229],\n",
       "       [ -1012178.73544088,   4277977.94813323,    -54493.28360577,\n",
       "          2799619.00316913,   1912284.19132758,  -1078909.86226109,\n",
       "          -684649.17229499,   1654931.56192062,   4860688.84137447,\n",
       "         -2475045.79570777],\n",
       "       [ -3610186.04256653,  16045928.0161974 ,   -272585.07123897,\n",
       "          8349173.41724532,   8619934.42414119,  -4826833.33383398,\n",
       "         -1202210.37079102,   4860688.84137447,  18784182.54983909,\n",
       "        -10210499.85125957],\n",
       "       [  1845078.32566878,  -8715818.78977867,    120715.59962386,\n",
       "         -4261995.52227881,  -4800566.61395156,   2661391.29381333,\n",
       "           413788.85558229,  -2475045.79570777, -10210499.85125957,\n",
       "          5689599.99250779]])"
      ]
     },
     "execution_count": 6,
     "metadata": {},
     "output_type": "execute_result"
    }
   ],
   "source": [
    "k = 5\n",
    "\n",
    "Ak = A@A@A@A@A\n",
    "Ak"
   ]
  },
  {
   "cell_type": "code",
   "execution_count": 11,
   "id": "4aa29ace",
   "metadata": {},
   "outputs": [
    {
     "data": {
      "text/plain": [
       "True"
      ]
     },
     "execution_count": 11,
     "metadata": {},
     "output_type": "execute_result"
    }
   ],
   "source": [
    "np.allclose(Ak, Ak_2)"
   ]
  },
  {
   "cell_type": "code",
   "execution_count": 10,
   "id": "a6eccc14",
   "metadata": {},
   "outputs": [
    {
     "data": {
      "text/plain": [
       "array([[   855962.41868747,  -3032041.04697571,     77615.28427082,\n",
       "         -1791101.29070877,  -1607990.07484916,    937455.34082223,\n",
       "           407939.54354546,  -1012178.73544088,  -3610186.04256651,\n",
       "          1845078.32566877],\n",
       "       [ -3032041.04697571,  13792166.85889716,   -207491.27999187,\n",
       "          7308546.63649696,   7257029.64111894,  -4043282.07806356,\n",
       "         -1095131.76979539,   4277977.94813322,  16045928.01619734,\n",
       "         -8715818.78977865],\n",
       "       [    77615.28427082,   -207491.27999187,     28643.87904276,\n",
       "           -79549.4149334 ,   -149586.7475238 ,     95236.35170476,\n",
       "            40049.35836037,    -54493.28360577,   -272585.07123897,\n",
       "           120715.59962386],\n",
       "       [ -1791101.29070877,   7308546.63649696,    -79549.4149334 ,\n",
       "          4807739.85215537,   3308609.90220185,  -1874995.57070854,\n",
       "         -1146724.84880141,   2799619.00316912,   8349173.41724529,\n",
       "         -4261995.5222788 ],\n",
       "       [ -1607990.07484916,   7257029.64111894,   -149586.7475238 ,\n",
       "          3308609.90220185,   4221537.26819773,  -2359669.51337811,\n",
       "          -280882.27571912,   1912284.19132757,   8619934.42414116,\n",
       "         -4800566.61395155],\n",
       "       [   937455.34082223,  -4043282.07806356,     95236.35170476,\n",
       "         -1874995.57070854,  -2359669.51337811,   1331354.24174032,\n",
       "           187563.21536109,  -1078909.86226109,  -4826833.33383396,\n",
       "          2661391.29381332],\n",
       "       [   407939.54354546,  -1095131.76979539,     40049.35836037,\n",
       "         -1146724.84880141,   -280882.27571912,    187563.21536109,\n",
       "           539481.78681846,   -684649.17229499,  -1202210.37079101,\n",
       "           413788.85558229],\n",
       "       [ -1012178.73544088,   4277977.94813322,    -54493.28360577,\n",
       "          2799619.00316912,   1912284.19132757,  -1078909.86226109,\n",
       "          -684649.17229499,   1654931.56192061,   4860688.84137446,\n",
       "         -2475045.79570776],\n",
       "       [ -3610186.04256651,  16045928.01619734,   -272585.07123897,\n",
       "          8349173.41724529,   8619934.42414116,  -4826833.33383396,\n",
       "         -1202210.37079101,   4860688.84137446,  18784182.54983902,\n",
       "        -10210499.85125954],\n",
       "       [  1845078.32566877,  -8715818.78977865,    120715.59962386,\n",
       "         -4261995.5222788 ,  -4800566.61395155,   2661391.29381332,\n",
       "           413788.85558229,  -2475045.79570776, -10210499.85125954,\n",
       "          5689599.99250778]])"
      ]
     },
     "execution_count": 10,
     "metadata": {},
     "output_type": "execute_result"
    }
   ],
   "source": [
    "Lambda_k = Lambda**k\n",
    "Ak_2 = V@Lambda_k@V.T\n",
    "Ak_2"
   ]
  },
  {
   "cell_type": "markdown",
   "id": "first-crime",
   "metadata": {},
   "source": [
    "### Part B: the matrix exponential\n",
    "\n",
    "Recall that the function $f(x) = e^x$ can be written as $e^x = \\sum_{k=0}^\\infty \\frac{1}{k!}x^k$; therefore, the method described above applies. Use the functional calculus approach to compute $f(A) = e^A$, for the matrix $A$ defined above. "
   ]
  },
  {
   "cell_type": "code",
   "execution_count": 13,
   "id": "resident-vehicle",
   "metadata": {},
   "outputs": [
    {
     "data": {
      "text/plain": [
       "array([[ 1.39961870e+13, -6.22293707e+13,  1.00194860e+12,\n",
       "        -3.29453919e+13, -3.30178873e+13,  1.84743854e+13,\n",
       "         4.97166767e+12, -1.91936755e+13, -7.26605221e+13,\n",
       "         3.93823861e+13],\n",
       "       [-6.22293707e+13,  2.76682140e+14, -4.45483090e+12,\n",
       "         1.46480661e+14,  1.46803044e+14, -8.21402033e+13,\n",
       "        -2.21048387e+13,  8.53382550e+13,  3.23060782e+14,\n",
       "        -1.75100659e+14],\n",
       "       [ 1.00194860e+12, -4.45483090e+12,  7.17268198e+10,\n",
       "        -2.35846902e+12, -2.36366156e+12,  1.32253141e+12,\n",
       "         3.55907039e+11, -1.37402184e+12, -5.20156893e+12,\n",
       "         2.81927831e+12],\n",
       "       [-3.29453919e+13,  1.46480661e+14, -2.35846902e+12,\n",
       "         7.75496300e+13,  7.77202263e+13, -4.34865328e+13,\n",
       "        -1.17027437e+13,  4.51796857e+13,  1.71034365e+14,\n",
       "        -9.27015183e+13],\n",
       "       [-3.30178873e+13,  1.46803044e+14, -2.36366156e+12,\n",
       "         7.77202263e+13,  7.78913262e+13, -4.35822655e+13,\n",
       "        -1.17284486e+13,  4.52790723e+13,  1.71410803e+14,\n",
       "        -9.29055746e+13],\n",
       "       [ 1.84743854e+13, -8.21402033e+13,  1.32253141e+12,\n",
       "        -4.34865328e+13, -4.35822655e+13,  2.43854350e+13,\n",
       "         6.56237948e+12, -2.53348447e+13, -9.59088980e+13,\n",
       "         5.19831366e+13],\n",
       "       [ 4.97166767e+12, -2.21048387e+13,  3.55907039e+11,\n",
       "        -1.17027437e+13, -1.17284486e+13,  6.56237948e+12,\n",
       "         1.76603227e+12, -6.81790892e+12, -2.58101399e+13,\n",
       "         1.39892229e+13],\n",
       "       [-1.91936755e+13,  8.53382550e+13, -1.37402184e+12,\n",
       "         4.51796857e+13,  4.52790723e+13, -2.53348447e+13,\n",
       "        -6.81790892e+12,  2.63212604e+13,  9.96430118e+13,\n",
       "        -5.40070322e+13],\n",
       "       [-7.26605221e+13,  3.23060782e+14, -5.20156893e+12,\n",
       "         1.71034365e+14,  1.71410803e+14, -9.59088980e+13,\n",
       "        -2.58101399e+13,  9.96430118e+13,  3.77213612e+14,\n",
       "        -2.04451783e+14],\n",
       "       [ 3.93823861e+13, -1.75100659e+14,  2.81927831e+12,\n",
       "        -9.27015183e+13, -9.29055746e+13,  5.19831366e+13,\n",
       "         1.39892229e+13, -5.40070322e+13, -2.04451783e+14,\n",
       "         1.10813958e+14]])"
      ]
     },
     "execution_count": 13,
     "metadata": {},
     "output_type": "execute_result"
    }
   ],
   "source": [
    "expLambda = np.exp(Lambda)\n",
    "expA = V@expLambda@V.T\n",
    "expA"
   ]
  },
  {
   "cell_type": "markdown",
   "id": "demonstrated-halifax",
   "metadata": {},
   "source": [
    "### Part C: the matrix logarithm\n",
    "Let $g(x) = \\log(x)$. As long as the eigenvalues of $A$ are strictly positive, we can use the functional calculus to compute $g(A)$. \n",
    "Use the functional calculus to compute $g(A) = \\log(A)$. Then, also using the functional calculus, compute $f(g(A)) = e^{\\log(A)}$, where $f$ is as given in part B. What matrix do you get?"
   ]
  },
  {
   "cell_type": "code",
   "execution_count": null,
   "id": "referenced-charleston",
   "metadata": {},
   "outputs": [],
   "source": [
    "log_expA = V@log_expLambda@V.T"
   ]
  }
 ],
 "metadata": {
  "kernelspec": {
   "display_name": "Python 3",
   "language": "python",
   "name": "python3"
  },
  "language_info": {
   "codemirror_mode": {
    "name": "ipython",
    "version": 3
   },
   "file_extension": ".py",
   "mimetype": "text/x-python",
   "name": "python",
   "nbconvert_exporter": "python",
   "pygments_lexer": "ipython3",
   "version": "3.9.5"
  }
 },
 "nbformat": 4,
 "nbformat_minor": 5
}
